4294967279,132
4294967279,131
4294967279,130
4294967279,129
4294967279,128
4294967279,127
4294967279,126
4294967279,125
4294967279,124
4294967278,200
4294967279,201
4294967279,200
4294967278,198
4294967278,22
4294967278,21
4294967278,20
4294967278,19
4294967278,18
4294967278,17
4294967278,16
4294967278,15
4294967278,14
4294967278,13
4294967278,12
4294967278,11
4294967278,10
4294967278,9
4294967278,8
4294967278,7
4294967278,6
4294967278,5
4294967278,4
4294967279,544
4294967279,518
4294967279,543
4294967279,542
4294967278,194
4294967279,195
4294967278,193
4294967279,194
4294967279,540
4294967278,192
4294967279,193
4294967278,190
4294967279,189
4294967279,191
52,5
4294967278,189
52,4
4294967279,190
52,3
52,2
52,1
4294967278,188
4294967279,188
4294967278,186
4294967279,187
4294967279,534
4294967278,185
4294967279,186
4294967278,398
4294967279,533
4294967278,386
4294967278,182
4294967278,346
4294967279,319
4294967278,49
4294967278,47
4294967278,45
4294967278,44
4294967278,43
4294967278,42
4294967278,41
4294967278,40
4294967278,291
4294967278,39
4294967278,382
4294967278,38
4294967278,342
4294967278,37
4294967278,36
4294967278,35
4294967278,34
4294967278,33
4294967278,32
4294967278,31
4294967278,30
4294967278,29
4294967278,28
4294967278,27
4294967278,26
4294967278,25
4294967278,24
4294967278,23
4294967279,317
4294967294,395
4294967294,391
4294967278,179
4294967278,178
4294967279,179
4294967278,177
4294967278,311
4294967279,178
4294967279,314
4294967278,176
4294967279,177
4294967278,308
4294967278,173
4294967279,172
4294967279,175
50,5
4294967278,172
50,4
4294967279,173
50,3
50,2
50,1
4294967279,308
4294967278,171
4294967294,396
4294967294,415
4294967294,179
4294967294,408
4294967294,159
4294967294,168
4294967294,111
4294967294,465
4294967294,112
4294967294,169
4294967294,164
4294967294,470
4294967279,171
4294967278,169
4294967279,170
4294967279,306
4294967278,168
4294967279,169
4294967278,397
4294967279,304
4294967278,53
4294967278,299
4294967278,165
4294967278,301
4294967279,303
4294967278,52
4294967278,300
4294967279,301
4294967278,51
4294967279,299
4294967278,50
4294967278,162
4294967278,297
4294967279,300
4294967278,161
4294967279,162
4294967294,1158
4294967294,1071
4294967294,1152
4294967278,48
4294967278,160
4294967278,294
4294967279,161
4294967279,297
4294967278,159
4294967279,160
4294967278,46
4294967278,275
4294967279,155
4294967279,157
48,5
48,4
4294967279,156
48,3
48,2
48,1
4294967279,336
4294967279,154
4294967279,153
4294967279,573
4294967279,152
4294967279,335
4294967279,531
4294967279,149
4294967279,148
4294967294,30
4294967294,61
4294967294,12
4294967294,126
12,4
4294967278,174
4294967278,61
4294967278,60
4294967278,59
4294967278,58
4294967278,57
4294967278,56
4294967278,55
4294967278,54
4294967278,260
4294967279,86
4294967279,85
4294967279,84
4294967279,83
4294967279,82
4294967279,80
4294967279,78
4294967279,76
4294967279,75
4294967279,73
4294967279,72
4294967279,71
4294967279,69
4294967279,68
4294967279,66
4294967279,65
4294967279,64
4294967279,62
4294967279,61
4294967279,60
4294967279,59
4294967279,58
4294967279,57
4294967279,56
4294967279,54
4294967279,53
4294967279,52
4294967279,51
4294967279,48
4294967279,46
4294967279,44
4294967279,530
4294967279,523
4294967279,334
4294967279,293
4294967279,143
4294967294,400
4294967294,185
4294967294,421
4294967294,178
4294967294,387
4294967294,183
4294967294,385
4294967294,409
4294967294,398
4294967294,422
4294967294,184
4294967294,461
4294967294,455
4294967294,456
4294967294,180
4294967279,142
4294967279,528
4294967279,141
4294967279,137
4294967279,139
46,5
46,4
4294967279,277
46,3
46,2
46,1
4294967279,520
4294967294,388
4294967279,292
4294967279,135
4294967279,134
4294967279,291
4294967279,333
4294967279,525
4294967279,519
4294967279,287
4294967279,270
4294967279,290
4294967279,269
4294967279,332
4294967279,331
4294967279,285
4294967279,260
4294967279,266
4294967279,517
4294967279,265
4294967279,264
4294967279,289
4294967279,283
4294967279,261
4294967279,323
44,6
4294967279,282
44,5
44,4
4294967279,280
44,3
44,2
44,1
4294967279,279
4294967278,376
4294967278,219
4294967278,375
4294967279,330
4294967278,258
4294967278,316
4294967279,329
4294967278,257
4294967278,373
4294967278,256
4294967278,249
4294967278,253
4294967278,251
4294967278,250
4294967278,247
4294967278,245
4294967278,244
4294967278,243
4294967278,242
4294967278,240
4294967294,38
4294967278,370
4294967278,237
4294967294,428
4294967279,0
4294967279,539
4294967279,41
4294967279,40
4294967279,36
4294967279,35
4294967279,32
4294967279,31
4294967279,30
4294967279,28
4294967279,27
4294967279,24
4294967279,23
4294967279,20
4294967279,19
4294967279,16
4294967279,14
